% Transfer function for transducer: 19PM1620G measured at 0.5 V amplitude within a frequency range of 101 Hz and 50000 Hz
% Data written on: 2015/02/26
% Frequency(Hz)	Re(Hbx)(m/V)	Im(Hbx)(m/V)
1.010000000000000000e+02	-5.914105271242245501e-05	7.961455618299402293e-07
2.010000000000000000e+02	-9.992007615036434693e-06	-9.316723845773754520e-06
3.010000000000000000e+02	8.107658085941982584e-07	9.082365986797393140e-08
4.010000000000000000e+02	-2.973942550303850623e-06	-5.481940544242023875e-07
5.010000000000000000e+02	-1.864700390419690691e-06	3.626620830279678419e-07
6.010000000000000000e+02	-1.538909933353817444e-06	3.917256264301713896e-07
7.010000000000000000e+02	-1.840069628342966088e-06	4.712841251834495522e-07
8.010000000000000000e+02	-2.303851541412806964e-06	1.006812671007988952e-07
9.010000000000000000e+02	-1.755266346287518611e-06	1.780726446738797340e-07
1.001000000000000000e+03	-1.927544573437114296e-06	-1.057365175866614885e-07
1.101000000000000000e+03	-2.106051918803588956e-06	1.004247772178422984e-08
1.201000000000000000e+03	-1.985290679138006694e-06	-9.654427468108745234e-09
1.301000000000000000e+03	-1.847512075406670644e-06	2.530975784644364885e-07
1.401000000000000000e+03	-2.199049023984070693e-06	1.250953979893504771e-07
1.501000000000000000e+03	-2.105810249228189020e-06	3.949885097532028822e-07
1.601000000000000000e+03	-2.091737935155294903e-06	3.472136898268599956e-07
1.701000000000000000e+03	-2.232603330214360775e-06	3.797120882295536122e-07
1.801000000000000000e+03	-2.359055845503208951e-06	1.415031754683370560e-07
1.901000000000000000e+03	-2.235038606919100899e-06	3.425900828512810083e-07
2.001000000000000000e+03	-2.551436929082987060e-06	2.081347617349494288e-07
2.101000000000000000e+03	-2.859626755280417747e-06	6.483457966566414362e-07
2.201000000000000000e+03	-2.553985099378612158e-06	1.469976058337655582e-06
2.301000000000000000e+03	-1.748877577572828238e-06	2.137116106359516806e-06
2.401000000000000000e+03	-9.997804658055752529e-07	1.517028764913667112e-06
2.501000000000000000e+03	-7.936359520006674469e-07	9.794145151503338691e-07
2.601000000000000000e+03	-8.910391220746460042e-07	5.161265329156685792e-07
2.701000000000000000e+03	-1.254310491047320602e-06	3.831111767546527531e-07
2.801000000000000000e+03	-1.319827621096943324e-06	2.306777285124312049e-07
2.901000000000000000e+03	-1.351046383507597066e-06	3.641525408166490721e-07
3.001000000000000000e+03	-1.360718700592701161e-06	2.224220084655214800e-07
3.101000000000000000e+03	-1.421646010458075319e-06	1.470796329766198620e-07
3.201000000000000000e+03	-1.463793823702271210e-06	2.785983587039380526e-07
3.301000000000000000e+03	-1.627726777523664077e-06	3.622750812973504752e-07
3.401000000000000000e+03	-1.595544302847586477e-06	2.066551698797702123e-07
3.501000000000000000e+03	-1.747503515753929776e-06	3.342068325740470088e-07
3.601000000000000000e+03	-1.739618965710854944e-06	4.066227373123248702e-07
3.701000000000000000e+03	-1.746573901100717529e-06	3.953535458242373302e-07
3.801000000000000000e+03	-1.643715703999133311e-06	3.969706576016971479e-07
3.901000000000000000e+03	-1.711871203421672601e-06	5.389864114780493961e-07
4.001000000000000000e+03	-1.546205694449936937e-06	5.353027628341012383e-07
4.101000000000000000e+03	-1.477497356805442974e-06	4.751322106920708800e-07
4.201000000000000000e+03	-1.510500782124163447e-06	4.630392867208529900e-07
4.301000000000000000e+03	-1.615129267200294889e-06	4.104568999623991638e-07
4.401000000000000000e+03	-1.501357210778124206e-06	3.897706049790266699e-07
4.501000000000000000e+03	-1.609605229617892565e-06	2.978941663803907445e-07
4.601000000000000000e+03	-1.645339141506012978e-06	2.966281737137627618e-07
4.701000000000000000e+03	-1.661316425605710777e-06	2.843824355941351686e-07
4.801000000000000000e+03	-1.654268079326438156e-06	3.673162093560822175e-07
4.901000000000000000e+03	-1.796995286084951856e-06	3.678852737998957220e-07
5.001000000000000000e+03	-1.785388566072723616e-06	4.827716163225764176e-07
5.101000000000000000e+03	-1.781188610247061264e-06	5.382909485206918875e-07
5.201000000000000000e+03	-1.791087677663368223e-06	5.784747127914921608e-07
5.301000000000000000e+03	-1.737097871004796394e-06	4.973240895566529192e-07
5.401000000000000000e+03	-1.657521819846886056e-06	5.827546433586885503e-07
5.501000000000000000e+03	-1.636473468534943045e-06	4.836670372587993640e-07
5.601000000000000000e+03	-1.727723354272060636e-06	4.402308473381255146e-07
5.701000000000000000e+03	-1.758161560582978323e-06	4.987467702391480252e-07
5.801000000000000000e+03	-1.903008069482930304e-06	6.449484272478342961e-07
5.901000000000000000e+03	-1.895177374466910988e-06	7.033475495485981577e-07
6.001000000000000000e+03	-1.836660493280701079e-06	9.404976717533567742e-07
6.101000000000000000e+03	-1.624926186978855640e-06	1.000732669174882269e-06
6.201000000000000000e+03	-1.399118245895109145e-06	8.873044397751847208e-07
6.301000000000000000e+03	-1.265796005202092564e-06	7.381844826582746353e-07
6.401000000000000000e+03	-1.356858683220583290e-06	6.244378384661891903e-07
6.501000000000000000e+03	-1.336547665311387563e-06	6.053667741363420473e-07
6.601000000000000000e+03	-1.350409731920193364e-06	5.530340271564046531e-07
6.701000000000000000e+03	-1.426164645948042442e-06	5.474828585317128830e-07
6.801000000000000000e+03	-1.514592039377095571e-06	4.904697059962604715e-07
6.901000000000000000e+03	-1.447716711492215587e-06	4.942337040418280109e-07
7.001000000000000000e+03	-1.509914545752854393e-06	4.196209327531557438e-07
7.101000000000000000e+03	-1.530105810541832447e-06	4.365761637479664753e-07
7.201000000000000000e+03	-1.549197553551062317e-06	4.879465844739771064e-07
7.301000000000000000e+03	-1.567480414351420123e-06	5.618401811774772536e-07
7.401000000000000000e+03	-1.602140092725086290e-06	4.957089944575407152e-07
7.501000000000000000e+03	-1.592873384547863705e-06	5.577397480173251614e-07
7.601000000000000000e+03	-1.633296978949933412e-06	5.692748612587237446e-07
7.701000000000000000e+03	-1.649006806707308008e-06	4.737112511331290780e-07
7.801000000000000000e+03	-1.618451373057057140e-06	4.721953892942194442e-07
7.901000000000000000e+03	-1.679016971705363490e-06	5.723985247984503763e-07
8.001000000000000000e+03	-1.664692734944031379e-06	5.779253530494248673e-07
8.101000000000000000e+03	-1.652904795907710166e-06	5.534786063053319544e-07
8.201000000000000000e+03	-1.684693279901952462e-06	6.234473681491835941e-07
8.301000000000000000e+03	-1.732514853013993748e-06	5.874096767312258943e-07
8.401000000000000000e+03	-1.735118348492736831e-06	5.788042556738416537e-07
8.501000000000000000e+03	-1.759783143839452868e-06	5.722530123900205818e-07
8.601000000000000000e+03	-1.785278324113112797e-06	5.861162507692096371e-07
8.701000000000000000e+03	-1.789763264783786203e-06	6.111253216038528729e-07
8.801000000000000000e+03	-1.821591339904199077e-06	6.815677240058960742e-07
8.901000000000000000e+03	-1.822673105954798926e-06	6.495893215537398556e-07
9.001000000000000000e+03	-1.887441335771449912e-06	6.974527097856354151e-07
9.101000000000000000e+03	-1.893338760784903862e-06	7.677117061244191656e-07
9.201000000000000000e+03	-1.932564969208503739e-06	7.912025473707956264e-07
9.301000000000000000e+03	-1.858921669458795440e-06	8.381546992747158367e-07
9.401000000000000000e+03	-1.847364548200309555e-06	9.175452200154407015e-07
9.501000000000000000e+03	-1.779136347382749696e-06	9.238545869195540721e-07
9.601000000000000000e+03	-1.761074940872693922e-06	9.009318377948644011e-07
9.701000000000000000e+03	-1.774552910946190634e-06	9.145999949049170369e-07
9.801000000000000000e+03	-1.794595834211615159e-06	8.697307889086145649e-07
9.901000000000000000e+03	-1.789506394087632000e-06	8.835054602841363520e-07
1.000100000000000000e+04	-1.808581678497547324e-06	8.503240727617010560e-07
1.010100000000000000e+04	-1.837168748158204675e-06	8.321968162359813060e-07
1.020100000000000000e+04	-1.829830462651046043e-06	8.787463649807808223e-07
1.030100000000000000e+04	-1.899962591975245098e-06	9.035108453896663537e-07
1.040100000000000000e+04	-1.894886316099097110e-06	8.867987662132775991e-07
1.050100000000000000e+04	-1.951424650238169061e-06	9.094823105026893086e-07
1.060100000000000000e+04	-1.974673958502436754e-06	9.668977660118069561e-07
1.070100000000000000e+04	-2.005962919940239392e-06	9.562219421183029998e-07
1.080100000000000000e+04	-1.985251883448029945e-06	1.023928465841894291e-06
1.090100000000000000e+04	-2.017243867130883453e-06	1.061254110158159775e-06
1.100100000000000000e+04	-2.022414505469649593e-06	1.111516086037828048e-06
1.110100000000000000e+04	-2.031859789933273302e-06	1.136579335107157662e-06
1.120100000000000000e+04	-2.093067542618226602e-06	1.154257181932904200e-06
1.130100000000000000e+04	-2.106539657277006709e-06	1.145159803726296069e-06
1.140100000000000000e+04	-2.177266736499458409e-06	1.187452274163689275e-06
1.150100000000000000e+04	-2.208543797921289002e-06	1.250774073677429662e-06
1.160100000000000000e+04	-2.248139337125412959e-06	1.284940246935514283e-06
1.170100000000000000e+04	-2.284056291691570451e-06	1.425051109317934788e-06
1.180100000000000000e+04	-2.349870841857780675e-06	1.493505214072465403e-06
1.190100000000000000e+04	-2.348922115114556906e-06	1.597585611578757034e-06
1.200100000000000000e+04	-2.377010046667350243e-06	1.679316490488314763e-06
1.210100000000000000e+04	-2.423662523436350590e-06	1.792703571459507475e-06
1.220100000000000000e+04	-2.406410309088128242e-06	1.880769978693729088e-06
1.230100000000000000e+04	-2.455681671089473100e-06	2.044501203352916165e-06
1.240100000000000000e+04	-2.462632728892311165e-06	2.163466001838183076e-06
1.250100000000000000e+04	-2.495314021435679863e-06	2.293583594704708902e-06
1.260100000000000000e+04	-2.651504030217033505e-06	2.426933541424821773e-06
1.270100000000000000e+04	-2.941490586179004392e-06	2.775123137937295618e-06
1.280100000000000000e+04	-2.889806714602839124e-06	3.635098431052316208e-06
1.290100000000000000e+04	-1.984728763965192427e-06	4.580807289419269359e-06
1.300100000000000000e+04	-2.547506368326001997e-07	4.931600141615901284e-06
1.310100000000000000e+04	1.520971335487637522e-06	4.498876242053098201e-06
1.320100000000000000e+04	2.515042352009601498e-06	3.715083321788335861e-06
1.330100000000000000e+04	2.880744090007471108e-06	2.926115005943488757e-06
1.340100000000000000e+04	2.866623297634607167e-06	2.302023041817540302e-06
1.350100000000000000e+04	2.729273858666088604e-06	1.841171047452505913e-06
1.360100000000000000e+04	2.560013703014642974e-06	1.453426148507590120e-06
1.370100000000000000e+04	2.357036337125828480e-06	1.228831140619924441e-06
1.380100000000000000e+04	2.103713793784774574e-06	9.769732388830924493e-07
1.390100000000000000e+04	1.898471811186897857e-06	8.123648370578091249e-07
1.400100000000000000e+04	1.716414754874240640e-06	6.810732278777334476e-07
1.410100000000000000e+04	1.500581722520517265e-06	5.309072381770633111e-07
1.420100000000000000e+04	1.354356267175805259e-06	4.420971787973293205e-07
1.430100000000000000e+04	1.134220971101767862e-06	3.700229650291756623e-07
1.440100000000000000e+04	9.491683879805875376e-07	2.984217144326923999e-07
1.450100000000000000e+04	7.781745628344036506e-07	2.490972360947781754e-07
1.460100000000000000e+04	5.955023949803337590e-07	2.329255791590938431e-07
1.470100000000000000e+04	4.951356063819713283e-07	1.934818710652230658e-07
1.480100000000000000e+04	3.835800176088092253e-07	2.273335522683849888e-07
1.490100000000000000e+04	2.361875208631431992e-07	2.364947680086422572e-07
1.500100000000000000e+04	1.516788023680585408e-07	2.461256335871884733e-07
1.510100000000000000e+04	4.787815921377228400e-08	2.715437177490816787e-07
1.520100000000000000e+04	-4.048620998937409423e-08	2.063111203273993955e-07
1.530100000000000000e+04	-9.157440950344999147e-08	2.116634547278499191e-07
1.540100000000000000e+04	-1.937485250286193317e-07	2.642776577204180973e-07
1.550100000000000000e+04	-2.516113424699835485e-07	2.654796766496164687e-07
1.560100000000000000e+04	-3.097293215724954673e-07	3.034648849513867453e-07
1.570100000000000000e+04	-4.166175782793467907e-07	2.746366000873201808e-07
1.580100000000000000e+04	-4.557244609385854424e-07	2.528287054239071500e-07
1.590100000000000000e+04	-4.801200181646775512e-07	3.005301173762020662e-07
1.600100000000000000e+04	-5.535473250253968151e-07	2.637581629147934428e-07
1.610100000000000000e+04	-6.285946866974295620e-07	2.889146205513334687e-07
1.620100000000000000e+04	-7.738673679404508461e-07	3.405285337187397669e-07
1.630100000000000000e+04	-8.684389769688052136e-07	3.730938262208693696e-07
1.640100000000000000e+04	-8.503422171585160469e-07	4.588628459622167402e-07
1.650100000000000000e+04	-8.920987730206046029e-07	4.787412539483929362e-07
1.660100000000000000e+04	-8.800653123229654105e-07	5.278939127118051965e-07
1.670100000000000000e+04	-9.274030166082516476e-07	6.029523055619883407e-07
1.680100000000000000e+04	-9.650583168002325436e-07	6.317999197834861567e-07
1.690100000000000000e+04	-9.127207732394601661e-07	6.285909939074969597e-07
1.700100000000000000e+04	-9.462557180871391853e-07	6.408918573542890828e-07
1.710100000000000000e+04	-9.560843805352701118e-07	6.649720014450953368e-07
1.720100000000000000e+04	-9.542758960797427866e-07	6.828154676783610961e-07
1.730100000000000000e+04	-9.733040289848759793e-07	7.212912976251858750e-07
1.740100000000000000e+04	-9.712290704585471195e-07	7.099591757051836327e-07
1.750100000000000000e+04	-1.009815442247866783e-06	7.296479335944547022e-07
1.760100000000000000e+04	-1.021817706399531429e-06	7.491032073281851828e-07
1.770100000000000000e+04	-1.008568000650759884e-06	7.490793263866372134e-07
1.780100000000000000e+04	-1.012413104673551634e-06	7.936952604993782047e-07
1.790100000000000000e+04	-1.035318446615394063e-06	7.829098573559420096e-07
1.800100000000000000e+04	-1.057445955646228303e-06	8.108353564244482780e-07
1.810100000000000000e+04	-1.063666256428135628e-06	8.275231681617167927e-07
1.820100000000000000e+04	-1.075060215080304314e-06	8.343653675966740973e-07
1.830100000000000000e+04	-1.051794077991081954e-06	8.535843039498361609e-07
1.840100000000000000e+04	-1.097920034929021863e-06	8.616573808551514666e-07
1.850100000000000000e+04	-1.094805134387747621e-06	8.889600714028090395e-07
1.860100000000000000e+04	-1.100687848894462418e-06	9.085482647756284092e-07
1.870100000000000000e+04	-1.126343706854278318e-06	9.050800509726587047e-07
1.880100000000000000e+04	-1.110633100614273596e-06	9.104482256438204489e-07
1.890100000000000000e+04	-1.136066125768689659e-06	9.379270438540216065e-07
1.900100000000000000e+04	-1.137229095424419701e-06	9.732386287940116471e-07
1.910100000000000000e+04	-1.141842558560489352e-06	9.837749421199436317e-07
1.920100000000000000e+04	-1.159809011224932425e-06	9.940643898272606919e-07
1.930100000000000000e+04	-1.151533430648076598e-06	9.852811015332498724e-07
1.940100000000000000e+04	-1.167562263662578246e-06	1.031870366019242569e-06
1.950100000000000000e+04	-1.160446759639223195e-06	1.043098362763320897e-06
1.960100000000000000e+04	-1.165394837454562883e-06	1.064848515322916352e-06
1.970100000000000000e+04	-1.185708549751480138e-06	1.090294307535336851e-06
1.980100000000000000e+04	-1.195934265532753180e-06	1.087126630566757341e-06
1.990100000000000000e+04	-1.193213484642113933e-06	1.133498193912661631e-06
2.000100000000000000e+04	-1.172200309391622649e-06	1.147099433035442985e-06
2.010100000000000000e+04	-1.165805717890988884e-06	1.163801810409236114e-06
2.020100000000000000e+04	-1.164841901559641558e-06	1.185503515636134727e-06
2.030100000000000000e+04	-1.178392516804882232e-06	1.181173330994896356e-06
2.040100000000000000e+04	-1.143537749064922291e-06	1.214254424389580116e-06
2.050100000000000000e+04	-1.138216950466548750e-06	1.204945696783146603e-06
2.060100000000000000e+04	-1.125620651489988571e-06	1.214300422881140433e-06
2.070100000000000000e+04	-1.112720851797876757e-06	1.239968690520983196e-06
2.080100000000000000e+04	-1.126251103490949078e-06	1.228078117537463655e-06
2.090100000000000000e+04	-1.097668704504351229e-06	1.229147605642467515e-06
2.100100000000000000e+04	-1.086454365915826471e-06	1.206575058422997628e-06
2.110100000000000000e+04	-1.086754186709844478e-06	1.205988287677179913e-06
2.120100000000000000e+04	-1.084843177067591537e-06	1.206340963335924413e-06
2.130100000000000000e+04	-1.113065525014122124e-06	1.206268811494164570e-06
2.140100000000000000e+04	-1.086273080462039586e-06	1.189424580779607652e-06
2.150100000000000000e+04	-1.108045256211281221e-06	1.184400641354900175e-06
2.160100000000000000e+04	-1.104098830227142828e-06	1.175120336855414608e-06
2.170100000000000000e+04	-1.078852150150311098e-06	1.175976260445159765e-06
2.180100000000000000e+04	-1.106333292862595019e-06	1.161783611817752488e-06
2.190100000000000000e+04	-1.105533976606009349e-06	1.117778095891617763e-06
2.200100000000000000e+04	-1.145848596686680077e-06	1.083875966785867394e-06
2.210100000000000000e+04	-1.184756564995362663e-06	1.068279159446576629e-06
2.220100000000000000e+04	-1.207145715658872599e-06	1.058948639260258155e-06
2.230100000000000000e+04	-1.250191912684309237e-06	1.071590484101800692e-06
2.240100000000000000e+04	-1.264248998612285786e-06	1.033668362416899828e-06
2.250100000000000000e+04	-1.297725351917779082e-06	1.006333470057080783e-06
2.260100000000000000e+04	-1.337623973188400610e-06	9.724392505382054463e-07
2.270100000000000000e+04	-1.374756281330408143e-06	9.196979452922137871e-07
2.280100000000000000e+04	-1.480438934108686647e-06	8.815691286259368988e-07
2.290100000000000000e+04	-1.631339297049721773e-06	8.140492212553298169e-07
2.300100000000000000e+04	-1.853856360310026800e-06	8.374465307265082424e-07
2.310100000000000000e+04	-2.079606993262491933e-06	9.524214604058501226e-07
2.320100000000000000e+04	-2.241163073815288709e-06	1.157905073598094879e-06
2.330100000000000000e+04	-2.337174393819931292e-06	1.401037506123342724e-06
2.340100000000000000e+04	-2.337116628477777619e-06	1.581273939309430895e-06
2.350100000000000000e+04	-2.313834159284277928e-06	1.740483835568661518e-06
2.360100000000000000e+04	-2.264533704253936618e-06	1.850467487781975750e-06
2.370100000000000000e+04	-2.208294268430917484e-06	1.943469240619073426e-06
2.380100000000000000e+04	-2.184330045593316540e-06	2.041523376330441896e-06
2.390100000000000000e+04	-2.150990866341779843e-06	2.110021625542490836e-06
2.400100000000000000e+04	-2.129772594364969376e-06	2.196465563816023679e-06
2.410100000000000000e+04	-2.090151991918609701e-06	2.270638160876356650e-06
2.420100000000000000e+04	-2.019044091543869714e-06	2.324925308989872217e-06
2.430100000000000000e+04	-1.964442057155080487e-06	2.399658948118071977e-06
2.440100000000000000e+04	-1.918267119601151739e-06	2.434870660605615484e-06
2.450100000000000000e+04	-1.896730823364512462e-06	2.480196104944135365e-06
2.460100000000000000e+04	-1.850511868302788833e-06	2.527914497252126070e-06
2.470100000000000000e+04	-1.781255487793312626e-06	2.547859597463386387e-06
2.480100000000000000e+04	-1.740503756477482816e-06	2.592817764496497720e-06
2.490100000000000000e+04	-1.690204307689995779e-06	2.574384195333198434e-06
2.500100000000000000e+04	-1.670147122400663047e-06	2.590891857873533267e-06
2.510100000000000000e+04	-1.659527279226922999e-06	2.598314783771117319e-06
2.520100000000000000e+04	-1.622347327225241900e-06	2.616885791090431045e-06
2.530100000000000000e+04	-1.584752594884462525e-06	2.670949582283874824e-06
2.540100000000000000e+04	-1.522906434092447404e-06	2.630798580382636344e-06
2.550100000000000000e+04	-1.505190012097677495e-06	2.585126044562748002e-06
2.560100000000000000e+04	-1.523438606454090089e-06	2.515522404843917402e-06
2.570100000000000000e+04	-1.574184821818898109e-06	2.444557533124680992e-06
2.580100000000000000e+04	-1.662471789875438423e-06	2.438346320378898919e-06
2.590100000000000000e+04	-1.753596301283330676e-06	2.409569560255853808e-06
2.600100000000000000e+04	-1.894272347477566253e-06	2.429122360362959091e-06
2.610100000000000000e+04	-2.027215887277011934e-06	2.476572385544494613e-06
2.620100000000000000e+04	-2.172104050737647538e-06	2.581502104990285896e-06
2.630100000000000000e+04	-2.316827833873770020e-06	2.794232818044067424e-06
2.640100000000000000e+04	-2.391679705144886972e-06	3.024752665360462874e-06
2.650100000000000000e+04	-2.427082660542813666e-06	3.303542376521289265e-06
2.660100000000000000e+04	-2.377122412289882264e-06	3.567943778170808381e-06
2.670100000000000000e+04	-2.265413758628695893e-06	3.787171848849329972e-06
2.680100000000000000e+04	-2.156461672161495625e-06	3.985914731308186583e-06
2.690100000000000000e+04	-1.999495352345185148e-06	4.102731709974434594e-06
2.700100000000000000e+04	-1.853495530426743251e-06	4.202115965863552807e-06
2.710100000000000000e+04	-1.684421894407759893e-06	4.280868426673123092e-06
2.720100000000000000e+04	-1.494906037083209613e-06	4.326728185485379180e-06
2.730100000000000000e+04	-1.326603750271922330e-06	4.337738236355968339e-06
2.740100000000000000e+04	-1.151616224413053180e-06	4.282984180819520586e-06
2.750100000000000000e+04	-1.017715535696009024e-06	4.164265299242034264e-06
2.760100000000000000e+04	-9.421431869081770869e-07	3.982201189061082658e-06
2.770100000000000000e+04	-9.645996996191604530e-07	3.778226454601414276e-06
2.780100000000000000e+04	-1.149962925207602354e-06	3.611622171094934954e-06
2.790100000000000000e+04	-1.323758228189092503e-06	3.556375126673569210e-06
2.800100000000000000e+04	-1.450427402908303073e-06	3.613632976064700389e-06
2.810100000000000000e+04	-1.511662078813146275e-06	3.750583594439417955e-06
2.820100000000000000e+04	-1.526821273647161463e-06	3.925304050788778684e-06
2.830100000000000000e+04	-1.578972093555629187e-06	4.096732648121819373e-06
2.840100000000000000e+04	-1.584659540530964961e-06	4.287965015522514406e-06
2.850100000000000000e+04	-1.591344209942690366e-06	4.464331329213801502e-06
2.860100000000000000e+04	-1.590108467484018701e-06	4.680739815612492106e-06
2.870100000000000000e+04	-1.597174363315014516e-06	4.916273088566737510e-06
2.880100000000000000e+04	-1.590537041826537781e-06	5.162283300063181550e-06
2.890100000000000000e+04	-1.548438903978639055e-06	5.461739293714320532e-06
2.900100000000000000e+04	-1.478166519029521725e-06	5.764352784455879973e-06
2.910100000000000000e+04	-1.410065567116626470e-06	6.137794171920538520e-06
2.920100000000000000e+04	-1.275591262024303679e-06	6.603520304532219948e-06
2.930100000000000000e+04	-1.099522392162537929e-06	7.103283798752584667e-06
2.940100000000000000e+04	-7.425712427794497405e-07	7.821547731013202726e-06
2.950100000000000000e+04	-4.128437667975019535e-08	8.722279083952302146e-06
2.960100000000000000e+04	1.290464160488902737e-06	9.585666378405359670e-06
2.970100000000000000e+04	3.237236143799568642e-06	9.860940965676330558e-06
2.980100000000000000e+04	5.352612036812663148e-06	9.156867592629534068e-06
2.990100000000000000e+04	6.873669977247478228e-06	7.645243901461302603e-06
3.000100000000000000e+04	7.508330139018930262e-06	5.829940126474323149e-06
3.010100000000000000e+04	7.321573708331916046e-06	4.194658596573507365e-06
3.020100000000000000e+04	6.597411695120583082e-06	2.957650304482703968e-06
3.030100000000000000e+04	5.639991868272492975e-06	2.113892540045272469e-06
3.040100000000000000e+04	4.584161147060615233e-06	1.732304944844862486e-06
3.050100000000000000e+04	3.639221702954081374e-06	1.668802338932936936e-06
3.060100000000000000e+04	2.846047927646019160e-06	1.843195851712279189e-06
3.070100000000000000e+04	2.217409352513826895e-06	2.151347744324928217e-06
3.080100000000000000e+04	1.790214306849744131e-06	2.551117811136328620e-06
3.090100000000000000e+04	1.484000482728987844e-06	2.978431588695690989e-06
3.100100000000000000e+04	1.322631703918862998e-06	3.440253925002232734e-06
3.110100000000000000e+04	1.281493233980913331e-06	3.895657744246621114e-06
3.120100000000000000e+04	1.355763996235451921e-06	4.344654159209785003e-06
3.130100000000000000e+04	1.579949520082336012e-06	4.793800920307319337e-06
3.140100000000000000e+04	1.928238526690951682e-06	5.181730451226673117e-06
3.150100000000000000e+04	2.408001482156555133e-06	5.511541072714588754e-06
3.160100000000000000e+04	3.012953638038927892e-06	5.695484716757943687e-06
3.170100000000000000e+04	3.662344732047323860e-06	5.729596168780923538e-06
3.180100000000000000e+04	4.312832013339157501e-06	5.662092504081622091e-06
3.190100000000000000e+04	4.931040734455158711e-06	5.413586700771143631e-06
3.200100000000000000e+04	5.486526418310447546e-06	5.049256761779883822e-06
3.210100000000000000e+04	5.922138517980061460e-06	4.591013229538312507e-06
3.220100000000000000e+04	6.257973336256227358e-06	4.086209937768067338e-06
3.230100000000000000e+04	6.449557672974841566e-06	3.576543432320917469e-06
3.240100000000000000e+04	6.566424973846913720e-06	3.046138784704262600e-06
3.250100000000000000e+04	6.591734358620410385e-06	2.498553915083204368e-06
3.260100000000000000e+04	6.525494575310204583e-06	2.010352591385654022e-06
3.270100000000000000e+04	6.399219472023959155e-06	1.579273070386454757e-06
3.280100000000000000e+04	6.212006934758376489e-06	1.187714524168865374e-06
3.290100000000000000e+04	5.999177575276518731e-06	8.483523610653472001e-07
3.300100000000000000e+04	5.748050818437468132e-06	5.699856864553625882e-07
3.310100000000000000e+04	5.482639078107249950e-06	3.493443093230734974e-07
3.320100000000000000e+04	5.205022888192874641e-06	1.983568780496578771e-07
3.330100000000000000e+04	4.961720435070324043e-06	5.833197570324773907e-08
3.340100000000000000e+04	4.732349254122473911e-06	5.678421016828714762e-09
3.350100000000000000e+04	4.531270973775348316e-06	-5.252396441750812098e-08
3.360100000000000000e+04	4.326631083627182577e-06	-9.281006246752074364e-08
3.370100000000000000e+04	4.111483764380125850e-06	-1.134576889899462808e-07
3.380100000000000000e+04	3.944161297557018152e-06	-1.197688632607514940e-07
3.390100000000000000e+04	3.777124934418744119e-06	-4.652855582948104786e-08
3.400100000000000000e+04	3.693111714357629365e-06	4.078597972152724364e-08
3.410100000000000000e+04	3.674998362203800951e-06	1.274352640787683540e-07
3.420100000000000000e+04	3.691794828594460682e-06	1.672208950868039648e-07
3.430100000000000000e+04	3.757953632979164790e-06	1.898676614609236499e-07
3.440100000000000000e+04	3.805668817764084394e-06	1.474688323024991373e-07
3.450100000000000000e+04	3.849475227027467771e-06	8.329173656869951976e-08
3.460100000000000000e+04	3.892171082710240202e-06	-3.385767781021606871e-08
3.470100000000000000e+04	3.956962885051787085e-06	-1.860166008504642998e-07
3.480100000000000000e+04	3.972727696075982858e-06	-3.959572913537295615e-07
3.490100000000000000e+04	3.939961792253326239e-06	-6.764539000921116150e-07
3.500100000000000000e+04	3.804746866635659409e-06	-9.502438514867697815e-07
3.510100000000000000e+04	3.594555666594586817e-06	-1.161004558689630506e-06
3.520100000000000000e+04	3.335735852224663762e-06	-1.296002198145739950e-06
3.530100000000000000e+04	3.035684049308486917e-06	-1.368454762589939725e-06
3.540100000000000000e+04	2.770963978405887398e-06	-1.372066286280051384e-06
3.550100000000000000e+04	2.509128062421036977e-06	-1.346420711390158192e-06
3.560100000000000000e+04	2.271381940344189824e-06	-1.306409898337154064e-06
3.570100000000000000e+04	2.042454702586188025e-06	-1.260470208985677176e-06
3.580100000000000000e+04	1.798129015607992092e-06	-1.264192565091213094e-06
3.590100000000000000e+04	1.544768920037744352e-06	-1.214982377094577725e-06
3.600100000000000000e+04	1.299478434906267361e-06	-1.132984891408246937e-06
3.610100000000000000e+04	1.097274583214408689e-06	-1.005528016551105398e-06
3.620100000000000000e+04	9.507782867211340701e-07	-8.732804597413877350e-07
3.630100000000000000e+04	8.605394270267521999e-07	-7.539680983167040342e-07
3.640100000000000000e+04	7.622070724311918762e-07	-6.246572600073596541e-07
3.650100000000000000e+04	6.939299124187709905e-07	-4.964004868024210859e-07
3.660100000000000000e+04	6.438392525334333583e-07	-3.807499720700168245e-07
3.670100000000000000e+04	6.041549559965214987e-07	-2.709854452451824883e-07
3.680100000000000000e+04	5.756962238633586707e-07	-1.324071721013981463e-07
3.690100000000000000e+04	5.489077229203544533e-07	-1.183757975458436968e-08
3.700100000000000000e+04	5.364557919205861177e-07	1.258546065024957955e-07
3.710100000000000000e+04	5.475808674341631539e-07	2.520577902275781906e-07
3.720100000000000000e+04	5.622271665213232249e-07	3.652688286865220812e-07
3.730100000000000000e+04	5.452040494719674550e-07	4.728797801004772511e-07
3.740100000000000000e+04	5.431912561718363950e-07	5.739307254148655021e-07
3.750100000000000000e+04	5.299693170893243732e-07	6.827465725296177280e-07
3.760100000000000000e+04	5.223801069567495588e-07	8.033525884681331614e-07
3.770100000000000000e+04	5.116785267464196605e-07	9.216219915049148967e-07
3.780100000000000000e+04	4.819717830375188246e-07	1.005221453899302213e-06
3.790100000000000000e+04	4.501008036696583602e-07	1.122292276415117901e-06
3.800100000000000000e+04	4.292737356972247162e-07	1.251290328536996497e-06
3.810100000000000000e+04	4.414050842872216077e-07	1.415529801028444044e-06
3.820100000000000000e+04	4.864952258457232874e-07	1.558217339289198510e-06
3.830100000000000000e+04	5.515307491566345832e-07	1.682878778151134295e-06
3.840100000000000000e+04	5.526836254778556660e-07	1.814239478602889660e-06
3.850100000000000000e+04	5.324899079561836303e-07	2.012191337308091082e-06
3.860100000000000000e+04	5.256686931965537225e-07	2.352623748293383728e-06
3.870100000000000000e+04	7.237573528979412619e-07	2.890859198040609872e-06
3.880100000000000000e+04	1.375226515581969575e-06	3.517125122606614963e-06
3.890100000000000000e+04	2.530698130139644356e-06	3.826066046523170282e-06
3.900100000000000000e+04	3.822224196679439548e-06	3.623944322594704153e-06
3.910100000000000000e+04	4.835445755051101039e-06	3.251337283602440683e-06
3.920100000000000000e+04	5.391231343312598386e-06	2.966147373971781916e-06
3.930100000000000000e+04	5.610160879546323708e-06	2.739009493430978808e-06
3.940100000000000000e+04	5.801512770347290930e-06	2.478327314968244879e-06
3.950100000000000000e+04	6.018879746934579830e-06	2.140169291634022321e-06
3.960100000000000000e+04	6.254381708744017568e-06	1.772940009892699642e-06
3.970100000000000000e+04	6.467017250047565750e-06	1.372248295136655774e-06
3.980100000000000000e+04	6.674469729661501385e-06	9.838896392603264891e-07
3.990100000000000000e+04	6.824307460388174439e-06	6.277064346508198648e-07
4.000100000000000000e+04	6.930166376495361967e-06	2.715885810047869534e-07
4.010100000000000000e+04	7.014595105057215452e-06	-4.896801147142478849e-08
4.020100000000000000e+04	7.064895053194524989e-06	-4.001745868527789296e-07
4.030100000000000000e+04	7.075547460937534245e-06	-7.076003953624777576e-07
4.040100000000000000e+04	7.072206880928285637e-06	-1.022610153126616651e-06
4.050100000000000000e+04	7.021405381058696159e-06	-1.287587775460585580e-06
4.060100000000000000e+04	6.950913113275860253e-06	-1.529765915561467725e-06
4.070100000000000000e+04	6.895135330437508082e-06	-1.713795273107926303e-06
4.080100000000000000e+04	6.782543247056306234e-06	-1.880961239722831418e-06
4.090100000000000000e+04	6.748769210508104982e-06	-2.023209919725586257e-06
4.100100000000000000e+04	6.706803926565839975e-06	-2.230573610916441435e-06
4.110100000000000000e+04	6.635501944108301312e-06	-2.422147101826689478e-06
4.120100000000000000e+04	6.552031734497777795e-06	-2.630679461921335100e-06
4.130100000000000000e+04	6.479869219565532387e-06	-2.854437836170489700e-06
4.140100000000000000e+04	6.315208720812510833e-06	-3.039461838295731526e-06
4.150100000000000000e+04	6.171041226884886977e-06	-3.167818387875398253e-06
4.160100000000000000e+04	5.973545789590575553e-06	-3.304483206636652135e-06
4.170100000000000000e+04	5.804383938233924067e-06	-3.371720958399914589e-06
4.180100000000000000e+04	5.595180649194238019e-06	-3.385964484136995489e-06
4.190100000000000000e+04	5.384622379409816614e-06	-3.370937640411945524e-06
4.200100000000000000e+04	5.141975067637067392e-06	-3.277162336213854116e-06
4.210100000000000000e+04	4.969363787783417646e-06	-3.158434691955089221e-06
4.220100000000000000e+04	4.809780256166075681e-06	-2.977478784084825254e-06
4.230100000000000000e+04	4.689507488155792026e-06	-2.773717570686616565e-06
4.240100000000000000e+04	4.660414553877359320e-06	-2.585576333298763642e-06
4.250100000000000000e+04	4.683873223259660615e-06	-2.500559973979089831e-06
4.260100000000000000e+04	4.704388083840816872e-06	-2.509619412442750243e-06
4.270100000000000000e+04	4.653865417050367802e-06	-2.595670564196686910e-06
4.280100000000000000e+04	4.648301184967813161e-06	-2.654068181003216834e-06
4.290100000000000000e+04	4.678467434927866572e-06	-2.674307593498660022e-06
4.300100000000000000e+04	4.811172481904221443e-06	-2.767810632605383364e-06
4.310100000000000000e+04	4.878321126834568995e-06	-3.021613130397571419e-06
4.320100000000000000e+04	4.778511702909459658e-06	-3.391632836383036724e-06
4.330100000000000000e+04	4.438163924919029185e-06	-3.630374704560181573e-06
4.340100000000000000e+04	4.148048322812516869e-06	-3.783926232468863407e-06
4.350100000000000000e+04	3.893090614848160440e-06	-3.781210079393625247e-06
4.360100000000000000e+04	3.709023105663416787e-06	-3.742832800850357926e-06
4.370100000000000000e+04	3.525364045299264012e-06	-3.709597379343104611e-06
4.380100000000000000e+04	3.372275434021600954e-06	-3.760259435014122307e-06
4.390100000000000000e+04	3.169323480474476865e-06	-3.734879796307849040e-06
4.400100000000000000e+04	2.963235388395612987e-06	-3.700599786639505694e-06
4.410100000000000000e+04	2.778189803612047265e-06	-3.637377117211379191e-06
4.420100000000000000e+04	2.612725350422068726e-06	-3.573772417787458352e-06
4.430100000000000000e+04	2.476557902563739074e-06	-3.444919929336370779e-06
4.440100000000000000e+04	2.405027777558371020e-06	-3.323422023059686782e-06
4.450100000000000000e+04	2.394807740499828685e-06	-3.206382283434733856e-06
4.460100000000000000e+04	2.399683097050429870e-06	-3.172493631757530778e-06
4.470100000000000000e+04	2.355585252783718314e-06	-3.209860243243343095e-06
4.480100000000000000e+04	2.271719336809630979e-06	-3.248254545500408916e-06
4.490100000000000000e+04	2.144394160418593256e-06	-3.283386626624885175e-06
4.500100000000000000e+04	2.032407404392353687e-06	-3.298072954413387826e-06
4.510100000000000000e+04	1.902307997833646312e-06	-3.262441161519892742e-06
4.520100000000000000e+04	1.778074079484055254e-06	-3.225901000268407088e-06
4.530100000000000000e+04	1.675646316201958677e-06	-3.199981577723756031e-06
4.540100000000000000e+04	1.574239703226419134e-06	-3.126687052957280322e-06
4.550100000000000000e+04	1.470412429623239027e-06	-3.038971232027520818e-06
4.560100000000000000e+04	1.380345930764454754e-06	-2.973687437474764152e-06
4.570100000000000000e+04	1.294628595284420037e-06	-2.920675022517750232e-06
4.580100000000000000e+04	1.198040823269128593e-06	-2.794669344367391091e-06
4.590100000000000000e+04	1.128110486404278632e-06	-2.720663134075287621e-06
4.600100000000000000e+04	1.061492747439528966e-06	-2.635621112242148663e-06
4.610100000000000000e+04	1.001167526444224083e-06	-2.516463268899487281e-06
4.620100000000000000e+04	9.551990169703044125e-07	-2.389196080048299196e-06
4.630100000000000000e+04	9.385158440715547769e-07	-2.316479804941551850e-06
4.640100000000000000e+04	9.275783913033981871e-07	-2.198003946479941238e-06
4.650100000000000000e+04	9.345951549506501848e-07	-2.128561485084773794e-06
4.660100000000000000e+04	9.208378803263682712e-07	-2.096032472936116649e-06
4.670100000000000000e+04	8.782217556427768271e-07	-2.084517051311891325e-06
4.680100000000000000e+04	8.169791071705095229e-07	-1.994233376020440442e-06
4.690100000000000000e+04	7.657803928014902734e-07	-1.952353642215902675e-06
4.700100000000000000e+04	7.117724252124141934e-07	-1.880745054856547676e-06
4.710100000000000000e+04	6.611741821093099858e-07	-1.775097395350184312e-06
4.720100000000000000e+04	6.135060978932752510e-07	-1.634224961083162517e-06
4.730100000000000000e+04	5.904809279755532085e-07	-1.537570108446376508e-06
4.740100000000000000e+04	5.560187996262248611e-07	-1.365657430095283222e-06
4.750100000000000000e+04	5.364542951673571721e-07	-1.193443582421308466e-06
4.760100000000000000e+04	5.543576544355072396e-07	-9.830682780444273823e-07
4.770100000000000000e+04	6.381021464953694635e-07	-7.526664584621875429e-07
4.780100000000000000e+04	8.005532532438609442e-07	-5.040163120696598292e-07
4.790100000000000000e+04	1.068171643270594780e-06	-3.559830531871916335e-07
4.800100000000000000e+04	1.331189370304771178e-06	-2.944086209362345931e-07
4.810100000000000000e+04	1.511241134646681236e-06	-2.719685112823061994e-07
4.820100000000000000e+04	1.677113817015873652e-06	-1.867094924727859375e-07
4.830100000000000000e+04	2.104079332704824894e-06	-8.759066871725084364e-08
4.840100000000000000e+04	2.574407950509606054e-06	-2.070990472193396372e-07
4.850100000000000000e+04	3.060476160603999382e-06	-6.788149370045334696e-07
4.860100000000000000e+04	3.349468114562512492e-06	-1.412222813511320189e-06
4.870100000000000000e+04	3.401018960924623583e-06	-2.209077182805735195e-06
4.880100000000000000e+04	2.910055222616087593e-06	-2.632949187489236957e-06
4.890100000000000000e+04	2.589388054916241266e-06	-3.035794536362412673e-06
4.900100000000000000e+04	2.214119664920354106e-06	-3.198411845821581546e-06
4.910100000000000000e+04	1.812624598033824028e-06	-3.156929360633302812e-06
4.920100000000000000e+04	1.449335629632907260e-06	-2.921788808675856248e-06
4.930100000000000000e+04	1.355527161086603124e-06	-3.107804738695965631e-06
4.940100000000000000e+04	1.086671152472925890e-06	-2.794972917495835551e-06
4.950100000000000000e+04	9.051274366816681037e-07	-2.595982696099284671e-06
4.960100000000000000e+04	8.258225296100305689e-07	-2.603872924590494409e-06
4.970100000000000000e+04	8.805312230143333328e-07	-3.035366095379716106e-06
4.980100000000000000e+04	5.921003103494599340e-07	-2.191994433831206100e-06
4.990100000000000000e+04	5.987896935155438258e-07	-2.324031312197142029e-06
